00100000
10001000
00000000
00000000
00100000
10001000
00000000
00000000
00100000
10001000
00000000
00000000
00100000
10001000
00000000
00000000
00100000
10001000
00000000
00000000
00100000
10001000
00000000
00000000
00100000
10001000
00000000
00000000
00100000
10001000
00000000
00000000
00100000
10001000
00000000
00000000
00100000
10001000
00000000
00000000
00100000
10001000
00000000
00000000
00100000
10001000
00000000
00000000
00100000
10001000
00000000
00000000
00100000
10001000
00000000
00000000
00100000
10001000
00000000
00000000
00100000
10001000
00000000
00000000
00100000
10001000
00000000
00000000
00100000
10001000
00000000
00000000
