00000000000000001000000000100000
00000000000000001000100000100000
00100000000010000000000000000110
00100000000010010000000000001100
00100000000010100000000000000011
00010001000000001111111111111111
00000010000010011000000000100000
00000001001010100100100000100000
00100001000010001111111111111111
00001000000000000000000000001001

00000000000000001000000000100000
00000000000000001000100000100000
00100000000010000000000000000110
00100000000010010000000000001100
00100000000010100000000000000011
00010001000000001111111111111111
00000010000010011000000000100000
00000001001010100100100000100000
00100001000010001111111111111111
00001000000000000000000000001001